% -------------------------------------------------------------------
%  Generated by MATLAB on 28-Apr-2026 08:18:31
%  MATLAB version: 25.2.0.3150157 (R2025b) Update 4
% -------------------------------------------------------------------
                                          

K = 5;

N = 22;

a = 2;

akar = [1.8364 + 0.7922i -1.6042 + 1.1943i -0.2322 - 1.9865i 1.8364 + 0.7922i ...
        ];

alpha_lr = 0.003;

b = 2;

r = 2;

theta0 = 70;

theta_circle = [0 0.063466518254339258 0.12693303650867852 0.19039955476301776 ...
                0.25386607301735703 0.31733259127169627 0.38079910952603552 ...
                0.44426562778037476 0.50773214603471406 0.5711986642890533 ...
                0.63466518254339255 0.69813170079773168 0.761598219052071 ...
                0.82506473730641039 0.88853125556074952 0.95199777381508877 ...
                1.0154642920694281 1.0789308103237674 1.1423973285781066 ...
                1.2058638468324459 1.2693303650867851 1.3327968833411243 ...
                1.3962634015954634 1.4597299198498028 1.5231964381041421 ...
                1.5866629563584815 1.6501294746128208 1.7135959928671598 ...
                1.777062511121499 1.8405290293758385 1.9039955476301775 ...
                1.9674620658845168 2.0309285841388562 2.0943951023931953 ...
                2.1578616206475347 2.2213281389018737 2.2847946571562132 ...
                2.3482611754105527 2.4117276936648917 2.4751942119192307 ...
                2.53866073017357 2.6021272484279092 2.6655937666822487 ...
                2.7290602849365877 2.7925268031909267 2.8559933214452666 ...
                2.9194598396996057 2.9829263579539451 3.0463928762082841 ...
                3.1098593944626232 3.1733259127169631 3.2367924309713021 ...
                3.3002589492256416 3.3637254674799806 3.4271919857343196 ...
                3.4906585039886591 3.5541250222429981 3.6175915404973371 ...
                3.681058058751677 3.744524577006016 3.8079910952603551 ...
                3.8714576135146945 3.9349241317690336 3.9983906500233735 ...
                4.0618571682777125 4.1253236865320515 4.1887902047863905 ...
                4.25225672304073 4.3157232412950695 4.3791897595494085 ...
                4.4426562778037475 4.5061227960580874 4.5695893143124264 ...
                4.6330558325667655 4.6965223508211054 4.7599888690754444 ...
                4.8234553873297834 4.8869219055841224 4.9503884238384614 ...
                5.0138549420928014 5.07732146034714 5.1407879786014794 ...
                5.2042544968558184 5.2677210151101583 5.3311875333644974 ...
                5.3946540516188364 5.4581205698731754 5.5215870881275144 ...
                5.5850536063818534 5.6485201246361942 5.7119866428905333 ...
                5.7754531611448723 5.8389196793992113 5.90238619765355 ...
                5.96585271590789 6.0293192341622293 6.0927857524165683 ...
                6.1562522706709073 6.2197187889252463 6.2831853071795862 ...
                ];

w1 = 1.8364 + 0.7922i;

w2 = -1.6042 + 1.1943i;

w3 = -0.2322 - 1.9865i;

x_circle = [2 1.9959733529437689 1.9839096256615907 1.9638573945254134 ...
            1.9358974027927125 1.9001422354818909 1.8567358660321451 1.8058530765732426 ...
            1.7476987541395699 1.6825070656623624 1.6105405150621173 1.5320888862379562 ...
            1.4474680762101404 1.3570188231142644 1.261105334169045 1.1601138191423965 ...
            1.0544509352210047 0.94454214954536542 0.83083002600377287 ...
            0.71377244318374378 0.59384075065654984 0.47151787101885456 ...
            0.34729635533386127 0.22167639980202219 0.0951638316474848 ...
            -0.031731927669616057 -0.15849991371357708 -0.28462967654657 ...
            -0.40961333613038103 -0.53294762738007007 -0.65413592663484288 ...
            -0.77269025138625691 -0.88813322521154825 -0.99999999999999956 ...
            -1.1078401277322205 -1.211219374275333 -1.30972146789057 -1.4029497754126428 ...
            -1.4905288993515093 -1.5721061894855746 -1.6473531628596654 ...
            -1.7159668264699537 -1.7776708973098467 -1.832216914864139 ...
            -1.8793852415718164 -1.9189859472289947 -1.9508595737708141 ...
            -1.9748777773527886 -1.9909438451461692 -1.9989930847663702 ...
            -1.9989930847663702 -1.9909438451461692 -1.9748777773527886 ...
            -1.9508595737708141 -1.918985947228995 -1.8793852415718169 ...
            -1.8322169148641394 -1.7776708973098474 -1.7159668264699539 ...
            -1.6473531628596656 -1.5721061894855755 -1.4905288993515096 ...
            -1.4029497754126432 -1.3097214678905698 -1.2112193742753332 ...
            -1.107840127732221 -1.0000000000000009 -0.88813322521154792 ...
            -0.77269025138625735 -0.65413592663484377 -0.532947627380071 ...
            -0.40961333613038109 -0.28462967654657045 -0.15849991371357758 ...
            -0.031731927669615217 0.095163831647484765 0.22167639980202172 ...
            0.34729635533385994 0.47151787101885323 0.59384075065654984 ...
            0.71377244318374333 0.83083002600377209 0.9445421495453642 ...
            1.0544509352210047 1.1601138191423959 1.2611053341690441 1.3570188231142633 ...
            1.4474680762101388 1.5320888862379545 1.6105405150621175 1.6825070656623624 ...
            1.7476987541395697 1.8058530765732421 1.8567358660321447 1.9001422354818909 ...
            1.9358974027927125 1.9638573945254132 1.9839096256615905 1.9959733529437687 ...
            2];

y_circle = [0 0.126847839313129 0.25318490714749853 0.37850248872082037 ...
            0.50229597436215845 0.62406689139697413 0.743324911320655 0.85958982417834318 ...
            0.97239347220093741 1.0812816349111951 1.1858158581092808 1.2855752193730785 ...
            1.3801580229642239 1.4691834173150666 1.5522929285835136 1.6291519041006712 ...
            1.6994508598990288 1.7629067268951641 1.8192639907090367 1.8682957205302133 ...
            1.9098044828881477 1.9436231366470833 1.969615506024416 1.9876769289225082 ...
            1.9977346783660159 1.9997482553477501 1.9937095519038848 1.9796428837618656 ...
            1.9576048924295575 1.9276843171198841 1.8900016374293371 1.8447085882091629 ...
            1.7919875485826717 1.7320508075688774 1.6651397092695428 1.5915236810616646 ...
            1.5114991487085168 1.4253883427577254 1.3335380010325832 1.236317972441211 ...
            1.1341197277255417 1.0273547831468133 0.916453043454821 0.801861070813228 ...
            0.68404028665133865 0.56346511368285934 0.44062106557308162 ...
            0.31600279194669978 0.19011208660836576 0.0634558669961362 ...
            -0.063455866996135715 -0.19011208660836526 -0.31600279194670017 ...
            -0.44062106557308112 -0.56346511368285879 -0.68404028665133731 ...
            -0.80186107081322677 -0.91645304345481982 -1.0273547831468128 ...
            -1.1341197277255413 -1.23631797244121 -1.333538001032583 -1.4253883427577252 ...
            -1.5114991487085168 -1.5915236810616642 -1.6651397092695426 ...
            -1.732050807568877 -1.791987548582672 -1.8447085882091627 -1.8900016374293367 ...
            -1.9276843171198839 -1.9576048924295575 -1.9796428837618654 ...
            -1.9937095519038845 -1.9997482553477501 -1.9977346783660159 ...
            -1.9876769289225082 -1.9696155060244163 -1.9436231366470837 ...
            -1.9098044828881477 -1.8682957205302135 -1.8192639907090371 ...
            -1.7629067268951648 -1.6994508598990288 -1.6291519041006717 ...
            -1.5522929285835143 -1.4691834173150675 -1.3801580229642254 ...
            -1.2855752193730805 -1.1858158581092804 -1.0812816349111949 ...
            -0.97239347220093764 -0.85958982417834384 -0.74332491132065615 ...
            -0.62406689139697413 -0.50229597436215878 -0.37850248872082126 ...
            -0.25318490714749986 -0.12684783931313082 -4.8985871965894128E-16 ...
            ];

