% -------------------------------------------------------------------
%  Generated by MATLAB on 27-Apr-2026 01:16:53
%  MATLAB version: 25.2.0.3150157 (R2025b) Update 4
% -------------------------------------------------------------------
                                              

E = ...
  [624 404 1004;
   544 268 668;
   580 598 1282];

K = 5;

N = 22;

P = ...
  [120 72 200;
   80 4 32;
   52 90 170];

a = 2;

alpha_lr = 0.003;

b = 2;

theta0 = 70;

